10_hydro,11_geothermal,12_solar,13_tide_wave_ocean,14_wind,15_solid_biomass,16_others,17_electricity,18_heat,19_total,1_coal,20_total_renewables,21_modern_renewables,2_coal_products,3_peat,4_peat_products,5_oil_shale_and_oil_sands,6_crude_oil_and_ngl,7_petroleum_products,8_gas,9_nuclear
0.0,0.0,0.7954920000000001,0.0,0.0,0.0,0.0,104.293188,0.0,252.966456,0.7954920000000001,67.156272,81.75101039674907,1.716588,0.0,0.0,0.0,0.0,32.86638,46.180404,0.0
0.0,0.0,1.0467,0.0,0.0,0.0,0.0,109.777896,0.0,255.3948,0.7536240000000001,69.333408,84.88584943393863,1.381644,0.0,0.0,0.0,0.0,24.534648,49.613580000000006,0.0
0.0,0.0,1.25604,0.0,0.0,0.0,0.0,115.220736,0.0,264.103344,0.711756,69.249672,84.82239787160603,1.004832,0.0,0.0,0.0,0.0,22.650588000000003,55.223892000000006,0.0
0.0,0.0,1.5491160000000002,0.0,0.0,0.0,0.0,116.39304,0.0,264.228948,0.62802,69.375276,83.23319236911588,0.711756,0.0,0.0,0.0,0.0,19.803564,57.233556,0.0
0.0,0.0,1.800324,0.0,0.0,0.0,0.0,119.74248,0.0,268.45761600000003,0.586152,69.668352,83.12091017692639,0.586152,0.0,0.0,0.0,0.0,18.463788,59.410692,0.0
0.0,0.0,2.0934,0.0,0.0,0.0,0.0,117.272268,0.0,269.378712,0.544284,70.003296,83.83958113809126,0.502416,0.0,0.0,0.0,0.0,18.505656,62.508924,0.0
0.0,0.0,3.475044,0.0,0.0,68.998464,0.0,124.096752,0.0,280.013184,0.502416,72.47350800000001,87.2830825802479,0.41868,0.0,0.0,0.0,0.0,16.914672,65.649024,0.0
0.0,0.0,3.391308,0.0,0.0,68.998464,0.0,127.990476,0.0,288.344916,0.41868,72.38977200000001,86.07895203613056,0.41868,0.0,0.0,0.0,0.0,16.95654,70.17076800000001,0.0
0.0,0.0,3.391308,0.0,0.0,70.798788,0.0,130.16761200000002,0.0,288.80546400000003,0.376812,74.19009600000001,88.33596668671092,0.293076,0.0,0.0,0.0,0.0,15.658632,68.077368,0.0
0.0,0.0,3.391308,0.0,0.0,70.798788,0.0,131.842332,0.0,292.615452,0.293076,74.19009600000001,87.87343725168274,0.251208,0.0,0.0,0.0,0.0,15.281820000000002,70.715052,0.0
0.0,0.0,3.4049988360000003,0.0,0.0,74.10000025080001,0.0,138.751200954,0.0,313.58102047200003,0.2682775836,77.5049990868,90.9028575700986,0.25194069,0.0,0.0,0.0,0.0,15.8343017544,80.9703004032,0.0
0.0,0.0,3.3799994532000004,0.0,0.0,76.1999986476,0.0,141.29639854200002,0.0,318.8710087776,0.2477580768,79.5799981008,94.5548744986368,0.1889544708,0.0,0.0,0.0,0.0,15.6399002568,81.91799933040001,0.0
0.0,0.0,3.3589984644000004,0.0,0.0,78.3999987624,0.0,141.54480138600002,0.0,325.11962774520003,0.1230667992,81.7589972268,96.0081216527413,0.1679618556,0.0,0.0,0.0,0.0,16.0400997216,85.48470075600001,0.0
0.0,0.0,3.3440013468,0.0,0.0,92.9190005496,0.0,146.311201044,0.0,349.3825105572001,0.1244400696,96.2630018964,111.69758055538256,0.1469650536,0.0,0.0,0.0,0.0,17.022000618000003,89.5149018756,0.0
0.0,0.0,3.3349997268000005,0.0,0.0,81.59999931,0.0,146.02319944560003,0.0,334.68663321720004,0.0988796556,84.93499903680001,99.8212959276824,0.1889544708,0.0,0.0,0.0,0.0,15.5781030888,87.86249751960001,0.0
0.0,0.0,3.3310013328000005,0.0,0.0,81.700001028,0.0,151.7867985672,0.0,347.93811061200006,0.099059688,85.0310023608,99.63918063672432,0.2099512728,0.0,0.0,0.0,0.0,15.3212973372,95.49000138600002,0.0
0.0,0.0,3.3329984364,0.0,0.0,77.98100056560001,0.0,155.5307984124,0.0,353.1658872564,0.049529844,81.313999002,95.66906837796216,0.1679618556,0.0,0.0,0.0,0.0,15.0470996184,101.056498524,0.0
0.0,0.0,3.3430007016,0.0,0.0,78.7550017212,0.0,161.19360032400002,0.0,360.88207173360007,0.0514013436,82.09800242280001,97.55272211388412,0.1469650536,0.0,0.0,0.0,0.0,15.1484997276,102.243602862,0.0
0.0,0.0,3.3599991096000004,0.0,0.0,77.9950012248,0.0,166.2623999856,0.0,367.9132747968,0.0514013436,81.3550003344,95.37765430638812,0.1049756364,0.0,0.0,0.0,0.0,14.7827994948,105.356698002,0.0
0.0,0.0,3.3849984924000003,0.0,0.0,77.268001086,0.0,170.3483985888,0.0,369.5371796052,0.0514013436,80.65299957840001,95.2076580404308,0.0839788344,0.0,0.0,0.0,0.0,14.068799370000002,104.33160189,0.0
0.0,0.0,3.4179988500000005,0.0,0.0,78.30899866440001,0.0,175.5504012924,0.0,379.3440761568,0.0,81.7269975144,96.44096255239278,0.0839788344,0.0,0.0,0.0,0.0,14.6396988576,107.342999658,0.0
0.0,0.0,3.4619979312000004,0.0,0.0,79.7800015368,0.0,178.54920097920004,0.0,386.31467529,0.0514013436,83.241999468,97.70172607796692,0.1049756364,0.0,0.0,0.0,0.0,14.2250968008,110.142001062,0.0
0.0,0.0,3.5149986324,0.0,0.0,83.7370006452,0.0,184.5000003024,0.0,399.3195794724001,0.0514013436,87.2519992776,101.75539452870213,0.1049756364,0.0,0.0,0.0,0.0,14.202002412,113.20920050040002,0.0
0.0,0.0,2.6209996020000004,0.0,0.0,75.67000000920001,0.0,192.4487992008,0.0,399.209768082,0.0514013436,78.29099961120001,94.53502322248856,0.1259682516,0.0,0.0,0.0,0.0,15.0788983644,113.2137013104,0.0
0.0,0.0,2.4600003948,0.0,0.0,66.4399984428,0.0,199.8792010836,0.0,396.0668922336001,0.0514013436,68.89999883760001,85.26340983454102,0.0629862192,0.0,0.0,0.0,0.0,13.6446053544,113.5286993952,0.0
0.0,0.0,2.4670007244,0.0,0.0,60.17199877800001,0.0,197.43840135360003,0.0,388.7846821368,0.0514013436,62.6389995024,80.0208971512039,0.0839788344,0.0,0.0,0.0,0.0,12.286499544000002,116.2854015588,0.0
0.0,0.0,2.279000844,0.0,0.0,59.566001346,0.0,200.4227984484,0.0,392.95208887920006,0.0514013436,61.84500219,80.4829350642272,0.0629862192,0.0,0.0,0.0,0.0,11.01390075,119.555999928,0.0
0.0,0.0,5.8480008228,0.0,0.0,61.267998348000006,0.0,206.5715999172,0.0,408.46148658,0.0514013436,67.11599917080001,84.98046082822769,0.0629862192,0.0,0.0,0.0,0.0,13.3034983848,121.35600154440002,0.0
0.0,0.0,6.4720014948,0.0,0.0,59.811000321600005,0.0,209.116801692,0.0,410.9101909884,0.0514013436,66.2830018164,83.25336886735339,0.0419894172,0.0,0.0,0.0,0.0,11.973000333600002,123.44399638560002,0.0
0.0,0.0,7.96287492,0.0,0.0,58.3158438,0.0,216.21221352000003,0.0,425.49820380000006,0.0,66.2791374,82.49058702977504,0.041868,0.0,0.0,0.0,0.0,15.70343076,127.26071676,0.0
0.0,0.0,10.12912524,0.0,0.0,55.58311944,0.0,218.36171664,0.0,429.25962492,0.0,65.711826,84.48764542068706,0.0,0.0,0.0,0.0,0.0,15.32201328,129.86365032,0.0
0.0,0.0,11.2541184,0.0,0.0,52.80517764,0.0,225.13302828,0.0,438.58153512,0.0,64.05887736,87.37294975876252,0.0,0.0,0.0,0.0,0.0,16.03921212,133.35041736,0.0
0.0,0.0,11.9721546,0.0,0.0,52.80517764,0.0,221.29917552000003,0.0,437.58675144,0.0,64.77691356000001,87.99670928109606,0.0,0.0,0.0,0.0,0.0,15.72394608,135.78671628,0.0
0.0,0.0,12.75592356,0.0,0.0,52.80517764,0.0,217.93675644,0.0,438.94494936000007,0.0,65.56110120000001,94.16051809951954,0.0,0.0,0.0,0.0,0.0,16.071031800000004,139.37605992000002,0.0
0.0,0.0,12.85808148,0.0,0.0,51.77103804,0.0,208.91169036,0.0,432.39135132,0.0,64.62911952,95.12707787467936,0.0,0.0,0.0,0.0,0.0,15.826941360000005,143.02360008,0.0
0.0,0.0,14.441110560000002,0.0,0.0,49.843854,0.0,213.38277408,0.0,439.14047292,0.0,64.28496456,92.66563603673976,0.020934,0.0,0.0,0.0,0.0,15.40700532,146.04479496,0.0
0.0,0.0,14.46581268,0.0,0.0,49.215834,0.0,213.08048712,0.0,442.86630624,0.0,63.68206536,94.57244167599636,0.020934,0.0,0.0,0.0,0.0,16.88410836,149.19913008,0.0
0.0,0.0,15.27512112,0.0,0.0,48.75905412,0.0,213.24251628,0.0,441.3130034400001,0.0,64.03417524000001,97.29538483683784,0.020934,0.0,0.0,0.0,0.0,14.84346204,149.17233456000002,0.0
0.0,0.0,16.10913168,0.0,0.0,48.19383612,0.0,213.3216468,0.0,441.66511332,0.0,64.3029678,100.63491277537014,0.020934,0.0,0.0,0.0,0.0,14.94227052,149.0772942,0.0
0.0,0.0,17.02185408,0.0,0.0,47.59889184000001,0.0,211.44261096,0.0,443.39509908,0.0,64.62074592,106.04797188135812,0.020934,0.0,0.0,0.0,0.0,15.409517400000002,151.9012908,0.0
0.0,0.0,18.00700812,0.0,0.0,47.12201532,0.0,217.76049216,0.0,455.1972696000001,0.0,65.12902344,114.09749352601747,0.0,0.0,0.0,0.0,0.0,14.881143240000002,157.42661076000002,0.0
